음주 정상 미착용 착용 중상 중경상 경상 없음 
5284      0   4909   375  70  524  385   4305
   0  81485  67999 13486 275 4123 2616  74471
4909  67999  72908     0 303 4000 2642  65963
 375  13486      0 13861  42  647  359  12813 
  70    275    303    42 345    0    0      0
 524   4123   4000   647   0 4647    0      0
 385   2616   2642   359   0    0 3001      0
4305  74471  65963 12813   0    0     0 78776