1.----   2..---   3...--  4....-  5.....   6-....,  7--...   8---..  9----.  0----- 
 84 62 16   6   2  12 20  37 57 52 
 62 89 59  23   8  14 25  25 28 18 
 16 59 86  38  27  33 17  16  9  9 
  6 23 38  89  56  34 24  13  7  7 
  2  8  27 56  90  30 18  10  5  5 
 12 14 33  34  30  86 65  22  8 18 
 20 25 17  24  18  65 85  65 31 15 
 37 25 16  13  10  22 65  88 58 39 
 57 28  9   7   5   8 31  58 91 79 
 52 18  9   7   5  18 15  39 79 94